0
0
0
0
0
0
0
0
0
0
0
0
0
799636
799636
799636
799636
799636
799636
799636
800515
797448
795940
793014
791391
787866
787866
787866
789831
789742
790928
790928
795360
799844
799844
807840
810751
803979
810751
813328
813328
814845
817748
817748
817748
819847
816724
817887
815596
811244
807715
812807
809037
806716
807421
807421
805875
803580
815609
814244
813141
813775
817946
814868
817359
816372
816372
818526
818287
815394
813449
816755
814284
807716
810801
810801
809733
812228
813043
807588
809035
804880
800277
796743
804392
800282
800536
798640
798640
798640
798640
798640
798640
809283
805172
811747
811747
807637
804226
802815
798885
795269
786199
786199
777327
766561
766561
763043
763357
742807
736556
743027
720993
715249
715249
715249
715733
716876
716876
718090
717185
720292
722719
725736
728361
725754
729450
732770
727110
727110
725679
728463
728463
728463
728463
730065
731752
733569
733798
733710
730815
726597
727342
732521
725198
722410
725138
734218
731078
731788
727607
727607
727607
732884
731384
731384
733786
733420
733420
736248
731702
731702
730469
725870
726808
726808
721912
720844
716883
721978
721978
719644
717784
722620
720044
719353
717385
721791
723073
726046
727532
724878
725180
729766
729766
727138
727652
718527
723119
723119
718583
715184
712643
709372
707124
707124
711709
705843
705843
712412
710832
711493
715320
716218
715248
721155
720198
719247
722650
722650
719211
717434
720892
723373
722491
725034
724572
724572
723769
723359
725763
727817
729746
726769
728487
729287
728965
728964
728805
728805
728805
727100
728742
728906
729039
729442
728563
728281
727477
727477
726911
726239
726900
727451
727451
727451
727451
726454
726962
727418
727985
728336
728638
728491
729070
728491
728202
728332
727968
727968
728232
728232
728232
728075
727791
727791
728192
727244
726844
727566
727550
727550
727274
727274
727455
727455
727455
728145
726030
727530
727093
727920
727734
728417
728840
729579
729579
729426
729426
729704
729335
728760
729335
728760
728987
728391
727997
728571
727999
727543
