0
0
0
0
0
0
0
0
0
0
0
0
0
0
0
0
0
0
0
764636
764641
764646
764651
764656
764661
764666
764671
764676
764681
764686
764691
764696
764701
764706
764711
764716
764721
764726
764731
764736
764741
764746
764751
764756
764761
764766
764771
764776
764781
764786
764791
764796
764801
764806
764811
764816
764821
764826
764831
764836
764841
764846
764851
764856
764861
764866
764871
764876
764881
764886
764891
764896
764901
764906
764911
764916
764921
764926
764931
764936
764941
764946
764951
764956
764961
764966
764971
764976
764981
764986
764991
764996
765001
765006
765011
765016
765021
765026
765031
765036
765041
765046
765051
765056
765061
765066
765071
765044
765017
764990
764963
764936
764909
764882
764855
764828
764801
764774
764747
764720
764693
764666
764639
764612
764585
764558
764531
764504
764477
764450
764423
764396
764369
764342
764315
764288
764261
764234
764207
764180
764153
764126
764099
764072
764045
764018
763991
763964
763937
763910
763883
763856
763829
763802
763775
763748
763721
763694
763667
763640
763613
763586
763559
763532
763505
763478
763451
763424
763397
763370
763343
763316
763289
763262
763235
763208
763181
763154
763127
763100
763073
763046
763019
762992
762965
762938
762911
762884
762857
762830
762803
762776
762749
762722
762695
762668
762641
762614
762587
762560
762533
762506
762479
762452
762425
762398
762371
762344
762317
762290
762263
762236
762209
762182
762155
762128
762101
762074
762074
761664
764068
766122
768051
765074
766792
767592
767270
767269
767110
767110
767110
765405
767047
767211
767344
767747
766868
766586
765782
765782
765216
764544
765205
765756
765756
765756
765756
764759
765267
765723
766290
766641
766943
766796
767375
766796
766507
766637
766273
766273
766537
766537
766537
766380
766096
766096
766497
765549
765149
765871
765855
765855
765579
765579
765760
765760
765760
766450
764335
765835
765398
766225
766039
766722
767145
767884
767884
767731
767731
768009
767640
767065
767640
767065
767292
766696
766302
766876
766304
765848
