800000
798017
802031
795464
805794
798324
832085
828606
801320
788801
800655
830400
789051
805925
812895
805208
806545
771882
813287
789962
829923
791859
786356
771408
790803
832539
811117
811723
798866
810838
764798
784472
789368
767238
778106
806258
782385
796669
810966
783942
780081
778360
830814
830602
764687
766009
784346
777213
768304
795581
848698
799628
863482
799624
799622
833170
971265
971853
967791
977374
977374
977374
977374
977374
977374
977374
977374
973817
977374
968023
977374
977374
977374
977374
977374
951322
945588
977374
977374
962209
951124
977374
977374
977374
977374
977374
967886
944170
977374
953605
945460
977374
951826
977374
977374
947269
970944
954987
977374
977374
857296
864112
854174
812380
835777
814241
824204
861551
826453
833243
833505
799869
835568
832924
822419
868166
852971
848202
818388
833832
848729
844559
866370
834045
806363
819595
822970
823454
807048
836477
837749
830990
830271
857970
818350
842136
854494
826158
833017
804476
829026
854618
862129
847763
800589
861071
852862
827001
830782
812941
818159
782314
777389
828657
798298
801556
802827
812101
806116
824657
829916
809027
806773
784912
785964
812512
810916
767993
766284
813673
787517
800058
771109
787276
779793
818351
800459
794296
796817
811730
829816
783654
806940
811858
782756
774851
793707
770207
801664
794569
782666
784757
793578
792516
786467
815588
779332
772842
826856
825325
825323
825321
825319
825317
825315
825313
825311
825309
825307
825305
825303
825301
825299
825297
825295
825293
825291
825289
825287
825285
825283
825281
825279
825277
825275
825273
825271
825269
825267
825265
825263
825261
825259
825257
825255
825253
825251
825249
825247
825245
825243
825241
825239
825237
825235
825233
825231
825229
825227
825225
798090
798088
798086
798084
798082
800025
796225
803240
795458
802038
800821
798179
796572
792200
791848
799485
804559
790997
801947
791272
792021
793788
801891
796231
802785
795485
801993
797401
793231
804037
801414
799941
795160
800759
797027
800128
798844
796811
793800
797762
804034
798662
791867
792448
792929
804312
798445
796395
801470
800809