0
0
0
0
0
0
0
0
0
0
0
0
0
0
0
0
0
0
0
481
481
481
481
481
481
481
481
481
481
481
481
481
481
481
482
482
482
482
482
482
482
482
482
482
482
482
482
482
482
482
482
483
483
483
483
483
483
483
483
483
483
483
483
483
483
483
483
483
484
484
484
484
484
484
484
484
484
484
484
484
484
484
484
484
484
484
485
485
485
485
485
485
485
485
485
485
485
485
485
485
485
485
485
486
486
486
486
486
486
486
486
486
486
486
486
486
486
486
486
486
486
487
487
487
487
487
487
487
487
487
487
487
487
487
487
487
487
487
488
488
488
488
488
488
488
488
488
488
488
488
488
488
488
488
488
489
489
489
489
489
489
489
489
489
489
489
489
489
489
489
489
489
489
490
490
490
490
490
490
490
490
490
490
490
490
490
490
490
490
490
491
491
491
491
491
491
491
491
491
491
491
491
491
491
491
491
491
491
492
1520
1538
1552
1567
1602
1618
1618
1630
1625
1646
1662
1678
1684
1684
1684
1692
1710
1709
1721
1755
1755
1755
1767
1782
1798
1830
1846
1870
1885
1900
1900
1919
1934
1952
1977
2002
2011
2030
2045
2061
2086
2083
2087
2092
2100
2100
2129
2142
2157
2157
2169
2195
2207
2207
2240
2255
2255
2267
2280
2307
2316
2323
2323
2348
2348
2368
2368
2399
2417
2408
2437
2466
2514
2514
2551
2569
2563
2563
2576
2588
2595
2600
2608
2617
2617
2617
2659
2684
2732
2746
2767
2767
2780
2800
2805
2805
2822
2831
2831
2844
2852
2884
2884
2898
2927
2927
2932
2932
2916
2917
2894
2886
2907
2907
2933
2896
2899
2897
