35000
35000
35000
35000
35000
35000
35000
35000
35000
35000
35000
35000
35000
35000
35000
35000
35000
35000
35000
35000
35874
32802
31289
28358
26730
23200
23195
23190
25150
25056
26237
26232
30659
35138
35133
43124
46030
39253
46020
48592
48587
50099
52997
52992
52987
55081
51953
53111
50815
46458
42924
48011
44236
41910
42610
42605
41054
38754
50778
49408
48300
48929
53095
50012
52498
51506
51501
53650
53406
50508
48558
51859
49383
42810
45890
45885
44812
47302
48112
42652
44094
39934
35326
31787
39431
35316
35565
33664
33659
33654
33649
33644
33639
44277
40161
46731
46726
42611
39195
37779
33844
30223
21148
21143
12266
1495
1490
-2001
-1660
-22183
-28407
-21909
-43916
-49633
-49606
-49579
-49068
-47898
-47871
-46630
-47508
-44374
-41920
-38876
-36224
-38804
-35081
-31734
-37367
-37340
-38744
-35933
-35906
-35879
-35852
-34223
-32509
-30665
-30409
-30470
-33338
-37529
-36757
-31551
-38847
-41608
-38853
-29746
-32859
-32122
-36276
-36249
-36222
-30918
-32391
-32364
-29935
-30274
-30247
-27392
-31911
-31884
-33090
-37662
-36697
-36670
-41539
-42580
-46514
-41392
-41365
-43672
-45505
-40642
-43191
-43855
-45796
-41363
-40054
-37054
-35541
-38168
-37839
-33226
-33199
-35800
-35259
-44357
-39738
-39711
-44220
-47592
-50106
-53350
-55571
-55544
-50932
-56771
-56744
-50148
-51701
-51013
-47159
-46234
-47177
-41243
-42173
-43097
-39667
-39640
-43052
-44802
-41317
-38809
-39664
-37094
-37529
-37502
-38305
-38305
-38305
-38305
-38305
-38305
-38305
-38305
-38305
-38305
-38305
-38305
-38305
-38305
-38305
-38305
-38305
-38305
-38305
-38305
-38305
-38305
-38305
-38305
-38305
-38305
-38305
-38305
-38305
-38305
-38305
-38305
-38305
-38305
-38305
-38305
-38305
-38305
-38305
-38305
-38305
-38305
-38305
-38305
-38305
-38305
-38305
-38305
-38305
-38305
-38305
-38305
-38305
-38305
-38305
-38305
-38305
-38305
-38305
-38305
-38305
-38305
-38305
-38305
-38305
-38305
-38305
-38305
-38305
-38305
-38305
-38305
-38305
-38305
-38305
-38305
-38305
-38305
-38305
-38305
-38305
-38305
